image: empty_map.png
resolution: 0.050000
origin: [-70.000000, -80.000000, 0.000000]
negate: 0
occupied_thresh: 0.65
free_thresh: 0.196
